-2.94471
-2.96042
-2.97609
-2.99174
-3.00735
-3.02293
-3.03847
-3.05399
-3.06947
-3.08492
-3.10033
-3.11571
-3.13106
-3.14637
-3.16165
-3.1769
-3.19211
-3.20729
-3.22244
-3.23755
-3.25262
-3.26766
-3.28267
-3.29764
-3.31258
-3.32748
-3.34235
-3.35718
-3.37197
-3.38673
-3.40146
-3.41615
-3.4308
-3.44542
-3.46
-3.47454
-3.48905
-3.50352
-3.51795
-3.53235
-3.5467
-3.56103
-3.57531
-3.58956
-3.60377
-3.61794
-3.63207
-3.64617
-3.66023
-3.67425
-3.68823
-3.70217
-3.71608
-3.72994
-3.74377
-3.75756
-3.77131
-3.78502
-3.79869
-3.81232
-3.82591
-3.83946
-3.85297
-3.86644
-3.87987
-3.89326
-3.90662
-3.91993
-3.9332
-3.94642
-3.95961
-3.97276
-3.98587
-3.99893
-4.01195
-4.02494
-4.03788
-4.05077
-4.06363
-4.07645
-4.08922
-4.10195
-4.11464
-4.12728
-4.13989
-4.15245
-4.16496
-4.17744
-4.18987
-4.20226
-4.2146
-4.22691
-4.23917
-4.25138
-4.26355
-4.27568
-4.28776
-4.2998
-4.3118
-4.32375
-4.33565
-4.34751
-4.35933
-4.3711
-4.38283
-4.39451
-4.40615
-4.41774
-4.42929
-4.44079
-4.45225
-4.46366
-4.47502
-4.48634
-4.49761
-4.50884
-4.52002
-4.53115
-4.54224
-4.55328
-4.56428
-4.57523
-4.58613
-4.59698
-4.60779
-4.61855
-4.62926
-4.63992
-4.65054
-4.66111
-4.67163
-4.68211
-4.69254
-4.70291
-4.71324
-4.72353
-4.73376
-4.74395
-4.75408
-4.76417
-4.77421
-4.7842
-4.79415
-4.80404
-4.81388
-4.82368
-4.83342
-4.84312
-4.85277
-4.86236
-4.87191
-4.88141
-4.89086
-4.90026
-4.9096
-4.9189
-4.92815
-4.93735
-4.94649
-4.95559
-4.96463
-4.97363
-4.98257
-4.99147
-5.00031
-5.0091
-5.01784
-5.02653
-5.03517
-5.04376
-5.05229
-5.06077
-5.06921
-5.07759
-5.08591
-5.09419
-5.10242
-5.11059
-5.11871
-5.12678
-5.13479
-5.14275
-5.15067
-5.15852
-5.16633
-5.17408
-5.18178
-5.18943
-5.19702
-5.20457
-5.21205
-5.21949
-5.22687
-5.2342
-5.24147
-5.24869
-5.25586
-5.26298
-5.27004
-5.27704
-5.284
-5.2909
-5.29774
-5.30453
-5.31127
-5.31795
-5.32458
-5.33116
-5.33768
-5.34414
-5.35055
-5.35691
-5.36321
-5.36946
-5.37565
-5.38178
-5.38787
-5.39389
-5.39987
-5.40578
-5.41164
-5.41745
-5.4232
-5.4289
-5.43454
-5.44012
-5.44565
-5.45113
-5.45655
-5.46191
-5.46721
-5.47247
-5.47766
-5.4828
-5.48788
-5.49291
-5.49788
-5.5028
-5.50765
-5.51246
-5.5172
-5.52189
-5.52653
-5.5311
-5.53562
-5.54009
-5.54449
-5.54884
-5.55314
-5.55737
-5.56155
-5.56568
-5.56974
-5.57375
-5.57771
-5.5816
-5.58544
-5.58922
-5.59294
-5.59661
-5.60022
-5.60377
-5.60727
-5.61071
-5.61409
-5.61741
-5.62067
-5.62388
-5.62703
-5.63013
-5.63316
-5.63614
-5.63906
-5.64192
-5.64472
-5.64747
-5.65016
-5.65279
-5.65536
-5.65788
-5.66033
-5.66273
-5.66508
-5.66736
-5.66958
-5.67175
-5.67386
-5.67591
-5.6779
-5.67984
-5.68171
-5.68353
-5.68529
-5.68699
-5.68863
-5.69022
-5.69174
-5.69321
-5.69462
-5.69597
-5.69726
-5.6985
-5.69967
-5.70079
-5.70185
-5.70285
-5.70379
-5.70467
-5.7055
-5.70626
-5.70697
-5.70762
-5.70821
-5.70874
-5.70921
-5.70962
-5.70998
-5.71028
-5.71051
-5.71069
-5.71081
-5.71087
-5.71088
-5.71082
-5.71071
-5.71053
-5.7103
-5.71001
-5.70966
-5.70925
-5.70878
-5.70826
-5.70767
-5.70703
-5.70633
-5.70557
-5.70475
-5.70387
-5.70293
-5.70193
-5.70088
-5.69976
-5.69859
-5.69736
-5.69607
-5.69472
-5.69331
-5.69185
-5.69032
-5.68874
-5.68709
-5.68539
-5.68363
-5.68181
-5.67994
-5.678
-5.67601
-5.67395
-5.67184
-5.66967
-5.66744
-5.66515
-5.6628
-5.6604
-5.65794
-5.65541
-5.65283
-5.65019
-5.6475
-5.64474
-5.64193
-5.63905
-5.63612
-5.63313
-5.63008
-5.62698
-5.62381
-5.62059
-5.61731
-5.61397
-5.61057
-5.60711
-5.6036
-5.60003
-5.59639
-5.59271
-5.58896
-5.58515
-5.58129
-5.57737
-5.57339
-5.56935
-5.56526
-5.56111
-5.5569
-5.55263
-5.5483
-5.54392
-5.53948
-5.53498
-5.53042
-5.52581
-5.52114
-5.51641
-5.51162
-5.50678
-5.50187
-5.49691
-5.4919
-5.48682
-5.48169
-5.47651
-5.47126
-5.46596
-5.4606
-5.45518
-5.44971
-5.44418
-5.43859
-5.43295
-5.42725
-5.42149
-5.41567
-5.4098
-5.40387
-5.39789
-5.39185
-5.38575
-5.3796
-5.37339
-5.36712
-5.3608
-5.35442
-5.34798
-5.34149
-5.33495
-5.32834
-5.32168
-5.31497
-5.3082
-5.30137
-5.29449
-5.28755
-5.28055
-5.27351
-5.2664
-5.25924
-5.25202
-5.24475
-5.23743
-5.23005
-5.22261
-5.21512
-5.20757
-5.19997
-5.19231
-5.1846
-5.17683
-5.16901
-5.16114
-5.15321
-5.14522
-5.13719
-5.12909
-5.12094
-5.11274
-5.10449
-5.09618
-5.08781
-5.0794
-5.07092
-5.0624
-5.05382
-5.04519
-5.0365
-5.02776
-5.01897
-5.01012
-5.00122
-4.99227
-4.98326
-4.9742
-4.96509
-4.95592
-4.94671
-4.93743
-4.92811
-4.91874
-4.90931
-4.89983
-4.89029
-4.88071
-4.87107
-4.86138
-4.85164
-4.84185
-4.832
-4.8221
-4.81215
-4.80215
-4.7921
-4.782
-4.77184
-4.76164
-4.75138
-4.74107
-4.73071
-4.7203
-4.70984
-4.69933
-4.68877
-4.67816
-4.6675
-4.65678
-4.64602
-4.63521
-4.62434
-4.61343
-4.60246
-4.59145
-4.58039
-4.56928
-4.55811
-4.5469
-4.53564
-4.52433
-4.51297
-4.50157
-4.49011
-4.4786
-4.46705
-4.45545
-4.44379
-4.43209
-4.42035
-4.40855
-4.39671
-4.38481
-4.37287
-4.36089
-4.34885
-4.33677
-4.32464
-4.31246
-4.30023
-4.28796
-4.27564
-4.26327
-4.25086
-4.2384
-4.22589
-4.21334
-4.20074
-4.18809
-4.1754
-4.16266
-4.14988
-4.13705
-4.12417
-4.11125
-4.09829
-4.08527
-4.07222
-4.05911
-4.04596
-4.03277
-4.01953
-4.00625
-3.99293
-3.97955
-3.96614
-3.95268
-3.93917
-3.92563
-3.91203
-3.8984
-3.88472
-3.87099
-3.85723
-3.84342
-3.82956
-3.81567
-3.80173
-3.78775
-3.77372
-3.75966
-3.74555
-3.73139
-3.7172
-3.70296
-3.68868
-3.67436
-3.66
-3.6456
-3.63115
-3.61667
-3.60214
-3.58757
-3.57296
-3.55831
-3.54362
-3.52889
-3.51412
-3.4993
-3.48445
-3.46956
-3.45462
-3.43965
-3.42464
-3.40959
-3.3945
-3.37937
-3.3642
-3.34899
-3.33374
-3.31845
-3.30313
-3.28776
-3.27236
-3.25692
-3.24144
-3.22593
-3.21037
-3.19478
-3.17915
-3.16348
-3.14778
-3.13204
-3.11626
-3.10044
-3.08459
-3.0687
-3.05278
-3.03682
-3.02082
-3.00478
-2.98871
-2.97261
-2.95647
-2.94029
-2.92408
-2.90783
-2.89155
-2.87523
-2.85888
-2.84249
-2.82607
-2.80962
-2.79313
-2.7766
-2.76004
-2.74345
-2.72683
-2.71017
-2.69347
-2.67675
-2.65999
-2.6432
-2.62637
-2.60952
-2.59263
-2.5757
-2.55875
-2.54176
-2.52475
-2.5077
-2.49061
-2.4735
-2.45636
-2.43918
-2.42197
-2.40474
-2.38747
-2.37017
-2.35284
-2.33548
-2.31809
-2.30067
-2.28322
-2.26574
-2.24823
-2.23069
-2.21312
-2.19553
-2.1779
-2.16025
-2.14256
-2.12485
-2.10711
-2.08934
-2.07154
-2.05372
-2.03587
-2.01799
-2.00008
-1.98215
-1.96418
-1.9462
-1.92818
-1.91014
-1.89207
-1.87397
-1.85585
-1.83771
-1.81953
-1.80133
-1.78311
-1.76486
-1.74658
-1.72828
-1.70996
-1.69161
-1.67323
-1.65483
-1.63641
-1.61796
-1.59949
-1.581
-1.56248
-1.54393
-1.52537
-1.50678
-1.48816
-1.46953
-1.45087
-1.43219
-1.41349
-1.39476
-1.37601
-1.35724
-1.33845
-1.31964
-1.3008
-1.28195
-1.26307
-1.24417
-1.22525
-1.20631
-1.18735
-1.16837
-1.14937
-1.13035
-1.1113
-1.09224
-1.07316
-1.05406
-1.03494
-1.01581
-0.996648
-0.977472
-0.958278
-0.939065
-0.919833
-0.900584
-0.881316
-0.862031
-0.842728
-0.823408
-0.80407
-0.784715
-0.765343
-0.745954
-0.726549
-0.707127
-0.687688
-0.668234
-0.648763
-0.629277
-0.609775
-0.590257
-0.570724
-0.551176
-0.531612
-0.512034
-0.492441
-0.472834
-0.453212
-0.433575
-0.413925
-0.394261
-0.374583
-0.354892
-0.335187
-0.315469
-0.295737
-0.275993
-0.256236
-0.236467
-0.216685
-0.19689
-0.177084
-0.157266
-0.137436
-0.117594
-0.0977405
-0.077876
-0.0580003
-0.0381137
-0.0182162
0.00169189
0.0216105
0.0415394
0.0614784
0.0814274
0.101386
0.121355
0.141333
0.16132
0.181317
0.201322
0.221337
0.24136
0.261391
0.281431
0.301479
0.321536
0.3416
0.361671
0.381751
0.401837
0.421931
0.442032
0.46214
0.482254
0.502375
0.522503
0.542637
0.562776
0.582922
0.603074
0.623231
0.643393
0.663561
0.683734
0.703911
0.724094
0.744281
0.764472
0.784668
0.804868
0.825072
0.84528
0.865491
0.885706
0.905924
0.926145
0.94637
0.966597
0.986827
1.00706
1.02729
1.04753
1.06777
1.08801
1.10825
1.1285
1.14874
1.16899
1.18924
1.20948
1.22973
1.24998
1.27023
1.29048
1.31073
1.33098
1.35124
1.37149
1.39173
1.41198
1.43223
1.45248
1.47272
1.49297
1.51321
1.53345
1.55369
1.57393
1.59416
1.6144
1.63463
1.65486
1.67508
1.6953
1.71552
1.73574
1.75595
1.77616
1.79637
1.81657
1.83676
1.85696
1.87715
1.89733
1.91751
1.93769
1.95786
1.97802
1.99818
2.01834
2.03849
2.05863
2.07877
2.0989
2.11902
2.13914
2.15925
2.17936
2.19946
2.21955
2.23964
2.25972
2.27979
2.29985
2.3199
2.33995
2.35999
2.38002
2.40005
2.42006
2.44007
2.46006
2.48005
2.50003
2.52
2.53996
2.55991
2.57986
2.59979
2.61971
2.63962
2.65952
2.67942
2.6993
2.71917
2.73903
2.75888
2.77871
2.79854
2.81835
2.83816
2.85795
2.87773
2.8975
2.91725
2.937
2.95673
2.97645
2.99615
3.01585
3.03553
3.0552
3.07485
3.09449
3.11412
3.13373
3.15333
3.17292
3.19249
3.21205
3.23159
3.25112
3.27063
3.29013
3.30962
3.32908
3.34854
3.36798
3.3874
3.40681
3.4262
3.44558
3.46494
3.48428
3.50361
3.52292
3.54222
3.56149
3.58076
3.6
3.61923
3.63844
3.65763
3.67681
3.69597
3.71511
3.73423
3.75333
3.77242
3.79149
3.81054
3.82957
3.84858
3.86758
3.88655
3.90551
3.92445
3.94336
3.96226
3.98114
4
