-2.3148e-14
0.00495
0.0098
0.01455
0.0192
0.02375
0.0282
0.03255
0.0368
0.04095
0.045
0.04895
0.0528
0.05655
0.0602
0.06375
0.0672
0.07055
0.0738
0.07695
0.08
0.08295
0.0858
0.08855
0.0912
0.09375
0.0962
0.09855
0.1008
0.10295
0.105
0.10695
0.1088
0.11055
0.1122
0.11375
0.1152
0.11655
0.1178
0.11895
0.12
0.12095
0.1218
0.12255
0.1232
0.12375
0.1242
0.12455
0.1248
0.12495
0.125
0.12495
0.1248
0.12455
0.1242
0.12375
0.1232
0.12255
0.1218
0.12095
0.12
0.11895
0.1178
0.11655
0.1152
0.11375
0.1122
0.11055
0.1088
0.10695
0.105
0.10295
0.1008
0.09855
0.0962
0.09375
0.0912
0.08855
0.0858
0.08295
0.08
0.07695
0.0738
0.07055
0.0672
0.06375
0.0602
0.05655
0.0528
0.04895
0.045
0.04095
0.0368
0.03255
0.0282
0.02375
0.0192
0.01455
0.0098
0.00495
0
